Average scores for all 10 folds:
loss: 0.576972296833992 (± 0.10081290280559847)
accuracy: 0.6900000035762787 (± 0.08602325100749193)
recall_29: 0.7672943711280823 (± 0.1696208163963389)
